7
7
8
8
8
8
8
8
9
9
9
9
9
9
9
9
9
9
9
9
9
9
9
10
13
15
18
21
24
29
32
36
39
44
48
55
62
68
75
82
89
96
104
112
120
126
130
136
141
145
151
156
161
166
173
177
183
188
193
200
204
210
215
221
225
232
240
247
253
258
263
270
279
286
291
297
301
307
312
319
327
334
340
344
350
358
364
370
375
381
388
395
405
411
417
421
427
435
440
444
450
455
459
464
468
473
479
483
488
494
498
504
509
513
518
525
529
535
540
544
547
548
546
545
543
543
543
543
542
544
548
549
549
549
549
549
549
549
548
548
547
544
546
546
546
545
544
544
544
545
545
544
544
546
547
548
549
549
549
548
549
549
548
547
546
547
545
544
542
544
543
543
545
547
547
549
549
549
549
549
549
548
547
545
546
545
544
544
544
545
544
545
545
546
546
548
548
547
546
548
548
547
546
546
546
544
544
545
544
544
544
545
546
546
547
548
549
549
549
549
549
548
548
548
547
545
546
546
546
546
546
548
547
546
548
548
546
546
546
546
546
546
547
546
547
547
546
546
546
545
545
545
545
544
544
545
545
544
545
545
545
544
546
546
546
546
546
546
546
546
546
546
546
546
546
546
546
546
546
546
546
546
546
546
546
546
546
546
546
546
546
546
546
546
546
546
546
546
546
546
546
