0
0
0
0
1
1
1
1
2
2
2
3
3
3
3
4
4
4
4
5
5
5
5
6
8
11
15
19
23
27
31
36
40
45
49
53
57
61
65
69
73
77
81
86
90
94
98
103
108
113
118
123
129
134
139
144
149
154
159
164
171
176
181
186
191
196
201
206
211
217
222
227
233
238
243
248
253
259
264
269
274
279
284
289
294
301
306
311
316
321
326
331
336
342
347
352
357
362
368
373
378
384
389
394
399
404
409
414
419
424
430
436
441
446
451
456
461
466
472
477
482
487
492
497
503
508
514
519
524
529
534
539
544
549
555
560
566
571
576
581
586
591
596
602
607
612
617
622
627
633
638
644
649
654
659
664
669
674
679
685
690
695
701
706
711
716
721
727
732
737
742
747
752
757
762
769
774
779
784
789
794
799
804
809
815
820
825
830
836
841
846
851
857
862
867
872
877
882
887
892
899
904
909
914
919
924
929
934
940
945
950
955
960
966
971
976
982
987
992
997
1002
1008
1014
1020
1027
1034
1040
1046
1052
1058
1064
1071
1077
1083
1089
1095
1102
1108
1115
1121
1127
1133
1139
1145
1152
1158
1165
1171
1177
1183
1189
1196
1202
1208
1214
1220
1226
1233
1240
1246
1252
1258
1264
1270
1276
1283
1289
1295
1302
1308
1314
1320
1327
1333
1339
1345
1351
1357
1364
1371
1377
1383
1389
1395
1401
1408
1414
1420
1426
1433
1439
1445
1452
1458
1464
1470
1476
1482
1488
1495
1502